xi: 0.009999999776482582
min_samples: 2.0
min_cluster_size: 0.10000000149011612
low_weight: 0.6779822707176208
high_weight: 0.12276483327150345
